SampleID	site	Rep_of_sample	Filter_vol	longitude	latitude	altitude	date	status	team	river	tributary	river_width	river_depth	water_velocity	TEMP	PH	DO	conductivity	PrevDayRain	DayRain	DistFromPAedge	Regional_Division
23GLG01-1	GLG01	1	4	98.84333	25.87417	836	20230421	sample	1	nu	yes	0.8	15	0.479	21.2	8.56	10.34	253	1	0	NA	Middle
23GLG01-2	GLG01	2	7.2	98.84333	25.87417	836	20230421	sample	1	nu	yes	0.8	15	0.479	21.2	8.56	10.34	253	1	0	NA	Middle
23GLG01-3	GLG01	3	8.3	98.84333	25.87417	836	20230421	sample	1	nu	yes	0.8	15	0.479	21.2	8.56	10.34	253	1	0	NA	Middle
23GLG02-1	GLG02	1	7.3	98.81139	25.93167	991	20230421	sample	1	nu	yes	3	100	0.767	21	8.52	10.9	91	1	0	8.2	Middle
23GLG02-2	GLG02	2	7.9	98.81139	25.93167	991	20230421	sample	1	nu	yes	3	100	0.767	21	8.52	10.9	91	1	0	8.2	Middle
23GLG02-3	GLG02	3	8	98.81139	25.93167	991	20230421	sample	1	nu	yes	3	100	0.767	21	8.52	10.9	91	1	0	8.2	Middle
23GLG03-1	GLG03	1	8	98.82556	26.03028	1030	20230421	sample	1	nu	yes	11.9	80	0.606	19.7	8.48	11.4	53	1	0	14	Middle
23GLG03-2	GLG03	2	7.3	98.82556	26.03028	1030	20230421	sample	1	nu	yes	11.9	80	0.606	19.7	8.48	11.4	53	1	0	14	Middle
23GLG03-3	GLG03	3	7	98.82556	26.03028	1030	20230421	sample	1	nu	yes	11.9	80	0.606	19.7	8.48	11.4	53	1	0	14	Middle
23GLG04-1	GLG04	1	8	98.85528	26.13444	1001	20230422	sample	1	nu	yes	13.5	150	0.65	15.3	8.45	12.6	47	0	1	NA	Middle
23GLG04-2	GLG04	2	7	98.85528	26.13444	1001	20230422	sample	1	nu	yes	13.5	150	0.65	15.3	8.45	12.6	47	0	1	NA	Middle
23GLG04-3	GLG04	3	7.9	98.85528	26.13444	1001	20230422	sample	1	nu	yes	13.5	150	0.65	15.3	8.45	12.6	47	0	1	NA	Middle
23GLG05-1	GLG05	1	6.95	98.845	26.27861	1232	20230422	sample	1	nu	yes	13.3	150	0.551	14.9	8.44	11.9	51	0	1	NA	Middle
23GLG05-2	GLG05	2	7.69	98.845	26.27861	1232	20230422	sample	1	nu	yes	13.3	150	0.551	14.9	8.44	11.9	51	0	1	NA	Middle
23GLG05-3	GLG05	3	7.69	98.845	26.27861	1232	20230422	sample	1	nu	yes	13.3	150	0.551	14.9	8.44	11.9	51	0	1	NA	Middle
23GLG06-1	GLG06	1	5.9	98.89167	26.48917	1115	20230422	sample	1	nu	yes	16.6	180	0.782	14	8.24	12.7	32	0	1	4.8	Middle
23GLG06-2	GLG06	2	5.5	98.89167	26.48917	1115	20230422	sample	1	nu	yes	16.6	180	0.782	14	8.24	12.7	32	0	1	4.8	Middle
23GLG06-3	GLG06	3	5.9	98.89167	26.48917	1115	20230422	sample	1	nu	yes	16.6	180	0.782	14	8.24	12.7	32	0	1	4.8	Middle
23GLG07-1	GLG07	1	6.6	98.86028	26.95944	1240	20230423	sample	1	nu	yes	20.8	150	0.96	12	8.21	12.8	26	2.3	5.1	NA	Middle
23GLG07-2	GLG07	2	5.8	98.86028	26.95944	1240	20230423	sample	1	nu	yes	20.8	150	0.96	12	8.21	12.8	26	2.3	5.1	NA	Middle
23GLG07-3	GLG07	3	4.9	98.86028	26.95944	1240	20230423	sample	1	nu	yes	20.8	150	0.96	12	8.21	12.8	26	2.3	5.1	NA	Middle
23GLG08-1	GLG08	1	7.1	98.8775	27.12944	1255	20230423	sample	1	nu	yes	24	150	0.445	11.8	8.49	12.3	27	2.3	5.1	NA	Middle
23GLG08-2	GLG08	2	6.9	98.8775	27.12944	1255	20230423	sample	1	nu	yes	24	150	0.445	11.8	8.49	12.3	27	2.3	5.1	NA	Middle
23GLG08-3	GLG08	3	7.4	98.8775	27.12944	1255	20230423	sample	1	nu	yes	24	150	0.445	11.8	8.49	12.3	27	2.3	5.1	NA	Middle
23GLG09-1	GLG09	1	7	98.59139	28.04528	1563	20230425	sample	1	nu	yes	10	50	0.739	11.2	8.5	11.68	53	5.1	1	4	North
23GLG09-2	GLG09	2	6.9	98.59139	28.04528	1563	20230425	sample	1	nu	yes	10	50	0.739	11.2	8.5	11.68	53	5.1	1	4	North
23GLG09-3	GLG09	3	6.4	98.59139	28.04528	1563	20230425	sample	1	nu	yes	10	50	0.739	11.2	8.5	11.68	53	5.1	1	4	North
23GLG10-1	GLG10	1	7.3	98.62972	28.02472	1563	20230425	sample	1	nu	yes	8	150	0.7	13.6	8.54	12.1	47	5.1	1	6.8	North
23GLG10-2	GLG10	2	7.4	98.62972	28.02472	1563	20230425	sample	1	nu	yes	8	150	0.7	13.6	8.54	12.1	47	5.1	1	6.8	North
23GLG10-3	GLG10	3	7.3	98.62972	28.02472	1563	20230425	sample	1	nu	yes	8	150	0.7	13.6	8.54	12.1	47	5.1	1	6.8	North
23GLG11-1	GLG11	1	7.11	98.65833	27.96639	1545	20230425	sample	1	nu	yes	12	60	0.65	18.3	8.9	10.9	200	5.1	1	7.7	North
23GLG11-2	GLG11	2	7.8	98.65833	27.96639	1545	20230425	sample	1	nu	yes	12	60	0.65	18.3	8.9	10.9	200	5.1	1	7.7	North
23GLG11-3	GLG11	3	6.6	98.65833	27.96639	1545	20230425	sample	1	nu	yes	12	60	0.65	18.3	8.9	10.9	200	5.1	1	7.7	North
23GLG12-1	GLG12	1	7.5	98.65806	27.76667	1505	20230425	sample	1	nu	yes	15	180	0.745	12.9	8.56	11.8	36	5.1	1	7.4	North
23GLG12-2	GLG12	2	7	98.65806	27.76667	1505	20230425	sample	1	nu	yes	15	180	0.745	12.9	8.56	11.8	36	5.1	1	7.4	North
23GLG12-3	GLG12	3	6	98.65806	27.76667	1505	20230425	sample	1	nu	yes	15	180	0.745	12.9	8.56	11.8	36	5.1	1	7.4	North
23GLG13-1	GLG13	1	7.8	98.41111	27.91111	2207	20230426	sample	1	dl	yes	13	100	0.75	9.1	8.77	11.2	17	1	24	-4	North
23GLG13-2	GLG13	2	7.3	98.41111	27.91111	2207	20230426	sample	1	dl	yes	13	100	0.75	9.1	8.77	11.2	17	1	24	-4	North
23GLG13-3	GLG13	3	7.1	98.41111	27.91111	2207	20230426	sample	1	dl	yes	13	100	0.75	9.1	8.77	11.2	17	1	24	-4	North
23GLG14-1	GLG14	1	8.2	98.33833	27.89306	1544	20230426	sample	1	dl	no	40	NA	0.5	11.3	8.51	11.8	93	1	24	NA	North
23GLG14-2	GLG14	2	7.3	98.33833	27.89306	1544	20230426	sample	1	dl	no	40	NA	0.5	11.3	8.51	11.8	93	1	24	NA	North
23GLG14-3	GLG14	3	8.6	98.33833	27.89306	1544	20230426	sample	1	dl	no	40	NA	0.5	11.3	8.51	11.8	93	1	24	NA	North
23GLG15-1	GLG15	1	6.6	98.33111	27.785	1440	20230426	sample	1	dl	yes	7	60	0.707	12.4	8.6	11.6	42	1	24	1.5	North
23GLG15-2	GLG15	2	7.4	98.33111	27.785	1440	20230426	sample	1	dl	yes	7	60	0.707	12.4	8.6	11.6	42	1	24	1.5	North
23GLG15-3	GLG15	3	6.9	98.33111	27.785	1440	20230426	sample	1	dl	yes	7	60	0.707	12.4	8.6	11.6	42	1	24	1.5	North
23GLG16-1	GLG16	1	7.1	98.32472	27.8375	1463	20230426	sample	1	dl	yes	25	150	0.721	11.4	8.69	12.3	29	1	24	1.4	North
23GLG16-2	GLG16	2	7.2	98.32472	27.8375	1463	20230426	sample	1	dl	yes	25	150	0.721	11.4	8.69	12.3	29	1	24	1.4	North
23GLG16-3	GLG16	3	7.1	98.32472	27.8375	1463	20230426	sample	1	dl	yes	25	150	0.721	11.4	8.69	12.3	29	1	24	1.4	North
23GLG17-1	GLG17	1	7	98.20417	28.21556	2345	20230427	sample	1	dl	yes	3.5	40	0.812	8.1	8.51	10.9	45	24	0	NA	North
23GLG17-2	GLG17	2	6.7	98.20417	28.21556	2345	20230427	sample	1	dl	yes	3.5	40	0.812	8.1	8.51	10.9	45	24	0	NA	North
23GLG17-3	GLG17	3	7.9	98.20417	28.21556	2345	20230427	sample	1	dl	yes	3.5	40	0.812	8.1	8.51	10.9	45	24	0	NA	North
23GLG18-1	GLG18	1	7.2	98.235	28.20056	2420	20230427	sample	1	dl	no	25	180	0.5	10.2	8.74	10.7	138	24	0	NA	North
23GLG18-2	GLG18	2	6.9	98.235	28.20056	2420	20230427	sample	1	dl	no	25	180	0.5	10.2	8.74	10.7	138	24	0	NA	North
23GLG18-3	GLG18	3	6.8	98.235	28.20056	2420	20230427	sample	1	dl	no	25	180	0.5	10.2	8.74	10.7	138	24	0	NA	North
23GLG19-1	GLG19	1	6.4	98.23583	28.20222	2319	20230427	sample	1	dl	yes	1.5	40	0.812	9.1	8.51	10.9	84	24	0	1	North
23GLG19-2	GLG19	2	6.7	98.23583	28.20222	2319	20230427	sample	1	dl	yes	1.5	40	0.812	9.1	8.51	10.9	84	24	0	1	North
23GLG19-3	GLG19	3	6.2	98.23583	28.20222	2319	20230427	sample	1	dl	yes	1.5	40	0.812	9.1	8.51	10.9	84	24	0	1	North
23GLG20-1	GLG20	1	7.2	98.295	28.14667	2062	20230427	sample	1	dl	yes	5	NA	0.698	9.7	8.52	11.4	41	24	0	3.9	North
23GLG20-2	GLG20	2	7.2	98.295	28.14667	2062	20230427	sample	1	dl	yes	5	NA	0.698	9.7	8.52	11.4	41	24	0	3.9	North
23GLG20-3	GLG20	3	7	98.295	28.14667	2062	20230427	sample	1	dl	yes	5	NA	0.698	9.7	8.52	11.4	41	24	0	3.9	North
23GLG21-1	GLG21	1	7.7	98.30917	28.12667	2022	20230427	sample	1	dl	yes	4	60	0.687	11	8.38	11.2	32	24	0	1.8	North
23GLG21-2	GLG21	2	7.7	98.30917	28.12667	2022	20230427	sample	1	dl	yes	4	60	0.687	11	8.38	11.2	32	24	0	1.8	North
23GLG21-3	GLG21	3	7.6	98.30917	28.12667	2022	20230427	sample	1	dl	yes	4	60	0.687	11	8.38	11.2	32	24	0	1.8	North
23GLG22-1	GLG22	1	6.3	98.31972	28.12556	1998	20230427	sample	1	dl	yes	15	80	1.188	13.3	8.64	10.7	94	24	0	4.8	North
23GLG22-2	GLG22	2	7	98.31972	28.12556	1998	20230427	sample	1	dl	yes	15	80	1.188	13.3	8.64	10.7	94	24	0	4.8	North
23GLG22-3	GLG22	3	7.4	98.31972	28.12556	1998	20230427	sample	1	dl	yes	15	80	1.188	13.3	8.64	10.7	94	24	0	4.8	North
23GLG23-1	GLG23	1	7.5	98.32583	28.07639	1936	20230427	sample	1	dl	yes	7	80	0.733	12.2	8.32	11.6	29	24	0	1.1	North
23GLG23-2	GLG23	2	7.3	98.32583	28.07639	1936	20230427	sample	1	dl	yes	7	80	0.733	12.2	8.32	11.6	29	24	0	1.1	North
23GLG23-3	GLG23	3	6.9	98.32583	28.07639	1936	20230427	sample	1	dl	yes	7	80	0.733	12.2	8.32	11.6	29	24	0	1.1	North
23GLG24-1	GLG24	1	6.7	98.32167	28.01333	1700	20230427	sample	1	dl	yes	11	NA	0.975	11.1	8.37	11	27	24	0	2.4	North
23GLG24-2	GLG24	2	7.6	98.32167	28.01333	1700	20230427	sample	1	dl	yes	11	NA	0.975	11.1	8.37	11	27	24	0	2.4	North
23GLG24-3	GLG24	3	7.4	98.32167	28.01333	1700	20230427	sample	1	dl	yes	11	NA	0.975	11.1	8.37	11	27	24	0	2.4	North
23GLG25-1	GLG25	1	7.5	98.34917	27.69944	1439	20230428	sample	1	dl	yes	25	160	1.603	11.3	8.44	11.9	43	0	19	2.7	North
23GLG25-2	GLG25	2	6.9	98.34917	27.69944	1439	20230428	sample	1	dl	yes	25	160	1.603	11.3	8.44	11.9	43	0	19	2.7	North
23GLG25-3	GLG25	3	7.1	98.34917	27.69944	1439	20230428	sample	1	dl	yes	25	160	1.603	11.3	8.44	11.9	43	0	19	2.7	North
23GLG26-1	GLG26	1	5.65	98.27056	27.6775	1201	20230428	sample	1	dl	no	30	NA	0.7	13	8.61	12.7	65	0	19	0	North
23GLG26-2	GLG26	2	6	98.27056	27.6775	1201	20230428	sample	1	dl	no	30	NA	0.7	13	8.61	12.7	65	0	19	0	North
23GLG26-3	GLG26	3	4.8	98.27056	27.6775	1201	20230428	sample	1	dl	no	30	NA	0.7	13	8.61	12.7	65	0	19	0	North
23GLG27-1	GLG27	1	7.4	98.275	27.68806	1264	20230428	sample	1	dl	yes	13	80	0.718	13.4	8.58	11.9	19	0	19	-0.8	North
23GLG27-2	GLG27	2	7.7	98.275	27.68806	1264	20230428	sample	1	dl	yes	13	80	0.718	13.4	8.58	11.9	19	0	19	-0.8	North
23GLG27-3	GLG27	3	6.8	98.275	27.68806	1264	20230428	sample	1	dl	yes	13	80	0.718	13.4	8.58	11.9	19	0	19	-0.8	North
23GLG28-1	GLG28	1	8	98.34583	27.7625	1370	20230428	sample	1	dl	yes	16	150	1.061	13	8.29	11.8	36	0	19	3.3	North
23GLG28-2	GLG28	2	7.5	98.34583	27.7625	1370	20230428	sample	1	dl	yes	16	150	1.061	12.1	8.29	11.8	36	0	19	3.3	North
23GLG28-3	GLG28	3	7.5	98.34583	27.7625	1370	20230428	sample	1	dl	yes	16	150	1.061	12.9	8.29	11.8	36	0	19	3.3	North
23GLG29-1	GLG29	1	6.8	98.34	27.86639	1562	20230428	sample	1	dl	yes	0.7	20	0.45	14.6	8.25	10.7	143	0	19	NA	North
23GLG29-2	GLG29	2	6.8	98.34	27.86639	1562	20230428	sample	1	dl	yes	0.7	20	0.45	14.6	8.25	10.7	143	0	19	NA	North
23GLG29-3	GLG29	3	6.8	98.34	27.86639	1562	20230428	sample	1	dl	yes	0.7	20	0.45	14.6	8.25	10.7	143	0	19	NA	North
23GLG30-1	GLG30	1	2.6	98.84417	26.85972	1414	20230430	sample	1	nu	yes	10	90	1.352	12.1	8.45	11.1	42	1.9	2.8	NA	Middle
23GLG30-2	GLG30	2	2.8	98.84417	26.85972	1414	20230430	sample	1	nu	yes	10	90	1.352	12.1	8.45	11.1	42	1.9	2.8	NA	Middle
23GLG30-3	GLG30	3	3	98.84417	26.85972	1414	20230430	sample	1	nu	yes	10	90	1.352	12.1	8.45	11.1	42	1.9	2.8	NA	Middle
23GLG31-1	GLG31	1	6.9	98.88306	26.78333	1204	20230430	sample	1	nu	yes	8	100	1.053	13.4	8.24	11.7	44	1.9	2.8	6.4	Middle
23GLG31-2	GLG31	2	6.7	98.88306	26.78333	1204	20230430	sample	1	nu	yes	8	100	1.053	13.4	8.24	11.7	44	1.9	2.8	6.4	Middle
23GLG31-3	GLG31	3	7.8	98.88306	26.78333	1204	20230430	sample	1	nu	yes	8	100	1.053	13.4	8.24	11.7	44	1.9	2.8	6.4	Middle
23GLG32-1	GLG32	1	6.9	98.88944	26.75049	1176	20230430	sample	1	nu	yes	3	40	0.779	14.9	8.14	11.4	39	1.9	2.8	5.6	Middle
23GLG32-2	GLG32	2	6.7	98.88944	26.75049	1176	20230430	sample	1	nu	yes	3	40	0.779	14.9	8.14	11.4	39	1.9	2.8	5.6	Middle
23GLG32-3	GLG32	3	7.5	98.88944	26.75049	1176	20230430	sample	1	nu	yes	3	40	0.779	14.9	8.14	11.4	39	1.9	2.8	5.6	Middle
23GLG33-1	GLG33	1	7	98.89056	26.71611	1171	20230430	sample	1	nu	yes	4	60	0.877	13.2	7.9	11.8	19	1.9	2.8	7	Middle
23GLG33-2	GLG33	2	7	98.89056	26.71611	1171	20230430	sample	1	nu	yes	4	60	0.877	13.2	7.9	11.8	19	1.9	2.8	7	Middle
23GLG33-3	GLG33	3	7.3	98.89056	26.71611	1171	20230430	sample	1	nu	yes	4	60	0.877	13.2	7.9	11.8	19	1.9	2.8	7	Middle
23GLG34-1	GLG34	1	7.1	98.89889	26.645	1164	20230430	sample	1	nu	yes	2	20	0.839	14.5	7.88	11.4	47	1.9	2.8	5	Middle
23GLG34-2	GLG34	2	7.2	98.89889	26.645	1164	20230430	sample	1	nu	yes	2	20	0.839	14.5	7.88	11.4	47	1.9	2.8	5	Middle
23GLG34-3	GLG34	3	6.9	98.89889	26.645	1164	20230430	sample	1	nu	yes	2	20	0.839	14.5	7.88	11.4	47	1.9	2.8	5	Middle
23GLG35-1	GLG35	1	7.3	98.89911	26.58003	1169	20230430	sample	1	nu	yes	6	120	0.811	15.6	8.07	11.4	23	1.9	2.8	5.7	Middle
23GLG35-2	GLG35	2	7.3	98.89911	26.58003	1169	20230430	sample	1	nu	yes	6	120	0.811	15.6	8.07	11.4	23	1.9	2.8	5.7	Middle
23GLG35-3	GLG35	3	8.1	98.89911	26.58003	1169	20230430	sample	1	nu	yes	6	120	0.811	15.6	8.07	11.4	23	1.9	2.8	5.7	Middle
23GLG36-1	GLG36	1	7.5	98.82306	26.36142	1788	20230430	sample	1	nu	yes	3	50	0.145	16.2	8.34	9.8	57	1.9	2.8	NA	Middle
23GLG36-2	GLG36	2	7.5	98.82306	26.36142	1788	20230430	sample	1	nu	yes	3	50	0.145	16.2	8.34	9.8	57	1.9	2.8	NA	Middle
23GLG36-3	GLG36	3	7.3	98.82306	26.36142	1788	20230430	sample	1	nu	yes	3	50	0.145	16.2	8.34	9.8	57	1.9	2.8	NA	Middle
23GLG37-1	GLG37	1	7.7	98.84444	25.74917	945	20230501	sample	1	nu	yes	6	100	0.301	17.5	8.48	11.1	101	1.9	0	11	Middle
23GLG37-2	GLG37	2	8.1	98.84444	25.74917	945	20230501	sample	1	nu	yes	6	100	0.301	17.5	8.48	11.1	101	1.9	0	11	Middle
23GLG37-3	GLG37	3	8.1	98.84444	25.74917	945	20230501	sample	1	nu	yes	6	100	0.301	17.5	8.48	11.1	101	1.9	0	11	Middle
23GLG38-1	GLG38	1	7.3	98.86278	25.54361	981	20230501	sample	1	nu	yes	3	30	0.384	18.7	8.3	10.6	107	1.9	0	6.2	Middle
23GLG38-2	GLG38	2	6.8	98.86278	25.54361	981	20230501	sample	1	nu	yes	3	30	0.384	18.7	8.3	10.6	107	1.9	0	6.2	Middle
23GLG38-3	GLG38	3	7	98.86278	25.54361	981	20230501	sample	1	nu	yes	3	30	0.384	18.7	8.3	10.6	107	1.9	0	6.2	Middle
23GLG39-1	GLG39	1	6.8	98.85972	25.50056	954	20230501	sample	1	nu	yes	5	50	0.75	18.6	8.37	10.5	107	1.9	0	6	Middle
23GLG39-2	GLG39	2	8.1	98.85972	25.50056	954	20230501	sample	1	nu	yes	5	50	0.75	18.6	8.37	10.5	107	1.9	0	6	Middle
23GLG39-3	GLG39	3	7.7	98.85972	25.50056	954	20230501	sample	1	nu	yes	5	50	0.75	18.6	8.37	10.5	107	1.9	0	6	Middle
23GLG40-1	GLG40	1	7.4	98.83667	25.36944	1018	20230501	sample	1	nu	yes	4	30	0.2	21.2	8.3	9.6	150	1.9	0	4.4	Middle
23GLG40-2	GLG40	2	7.7	98.83667	25.36944	1018	20230501	sample	1	nu	yes	4	30	0.2	21.2	8.3	9.6	150	1.9	0	4.4	Middle
23GLG40-3	GLG40	3	8.5	98.83667	25.36944	1018	20230501	sample	1	nu	yes	4	30	0.2	21.2	8.3	9.6	150	1.9	0	4.4	Middle
23GLG41-1	GLG41	1	7.6	98.80667	25.30667	1176	20230502	sample	1	nu	yes	5	80	0.422	17.8	8.5	10.5	110	0	4.5	2.2	Middle
23GLG41-2	GLG41	2	7.6	98.80667	25.30667	1176	20230502	sample	1	nu	yes	5	80	0.422	17.8	8.5	10.5	110	0	4.5	2.2	Middle
23GLG41-3	GLG41	3	7.8	98.80667	25.30667	1176	20230502	sample	1	nu	yes	5	80	0.422	17.8	8.5	10.5	110	0	4.5	2.2	Middle
23GLG42-1	GLG42	1	7.2	98.67361	25.03284	1282	20230504	sample	1	lc	no	25	150	0.3	20.5	8.89	11.7	182	0	0	NA	Middle
23GLG42-2	GLG42	2	7.1	98.67361	25.03284	1282	20230504	sample	1	lc	no	25	150	0.3	20.5	8.89	11.7	182	0	0	NA	Middle
23GLG42-3	GLG42	3	7.5	98.67361	25.03284	1282	20230504	sample	1	lc	no	25	150	0.3	20.5	8.89	11.7	182	0	0	NA	Middle
23GLG43-1	GLG43	1	5.6	98.47917	25.33417	1683	20230505	sample	1	lc	no	6	80	0.2	19.5	8.54	9.3	129	0	0	NA	Southwest
23GLG43-2	GLG43	2	5.7	98.47917	25.33417	1683	20230505	sample	1	lc	no	6	80	0.2	19.5	8.54	9.3	129	0	0	NA	Southwest
23GLG43-3	GLG43	3	4.6	98.47917	25.33417	1683	20230505	sample	1	lc	no	6	80	0.2	19.5	8.54	9.3	129	0	0	NA	Southwest
23GLG44-1	GLG44	1	2.5	98.36669	25.10422	1482	20230506	sample	1	dy	yes	3.5	60	0.206	21.3	8.58	9.5	83	0	0	NA	Southwest
23GLG44-2	GLG44	2	1.9	98.36669	25.10422	1482	20230506	sample	1	dy	yes	3.5	60	0.206	21.3	8.58	9.5	83	0	0	NA	Southwest
23GLG44-3	GLG44	3	4.6	98.36669	25.10422	1482	20230506	sample	1	dy	yes	3.5	60	0.206	21.3	8.58	9.5	83	0	0	NA	Southwest
23GLG45-1	GLG45	1	3.1	98.29067	25.29553	1730	20230506	sample	1	dy	yes	5	40	0.35	23.5	8.64	9.6	51	0	0	NA	Southwest
23GLG45-2	GLG45	2	3.5	98.29067	25.29553	1730	20230506	sample	1	dy	yes	5	40	0.35	23.5	8.64	9.6	51	0	0	NA	Southwest
23GLG45-3	GLG45	3	3.1	98.29067	25.29553	1730	20230506	sample	1	dy	yes	5	40	0.35	23.5	8.64	9.6	51	0	0	NA	Southwest
23GLG46-1	GLG46	1	2.5	98.22678	25.42025	1886	20230508	sample	1	dy	no	200	NA	0	20.5	8.37	8.9	30	0	0	NA	Southwest
23GLG46-2	GLG46	2	2.1	98.22678	25.42025	1886	20230508	sample	1	dy	no	200	NA	0	20.5	8.37	8.9	30	0	0	NA	Southwest
23GLG46-3	GLG46	3	1.9	98.22678	25.42025	1886	20230508	sample	1	dy	no	200	NA	0	20.5	8.37	8.9	30	0	0	NA	Southwest
23GLG47-1	GLG47	1	6.1	98.17664	25.11187	1030	20230509	sample	1	dy	no	60	500	0	19.3	8.76	9.2	81	0	0	NA	Southwest
23GLG47-2	GLG47	2	6.2	98.17664	25.11187	1030	20230509	sample	1	dy	no	60	500	0	19.3	8.76	9.2	81	0	0	NA	Southwest
23GLG47-3	GLG47	3	7	98.17664	25.11187	1030	20230509	sample	1	dy	no	60	500	0	19.3	8.76	9.2	81	0	0	NA	Southwest
23GLG48-1	GLG48	1	2.6	98.09361	25.27361	1554	20230509	sample	1	dy	yes	10	50	0.214	17.9	8.38	9.9	39	0	0	3.9	Southwest
23GLG48-2	GLG48	2	2.8	98.09361	25.27361	1554	20230509	sample	1	dy	yes	10	50	0.214	17.9	8.38	9.9	39	0	0	3.9	Southwest
23GLG48-3	GLG48	3	2.4	98.09361	25.27361	1554	20230509	sample	1	dy	yes	10	50	0.214	17.9	8.38	9.9	39	0	0	3.9	Southwest
23GLG49-1	GLG49	1	6.7	98.02075	25.23647	1947	20230509	sample	1	dy	yes	8	80	0.1	16.7	8.64	10.2	20	0	0	2.1	Southwest
23GLG49-2	GLG49	2	6.2	98.02075	25.23647	1947	20230509	sample	1	dy	yes	8	80	0.1	16.7	8.64	10.2	20	0	0	2.1	Southwest
23GLG49-3	GLG49	3	5.8	98.02075	25.23647	1947	20230509	sample	1	dy	yes	8	80	0.1	16.7	8.64	10.2	20	0	0	2.1	Southwest
23GLG50-1	GLG50	1	3.8	98.12822	25.15589	1045	20230510	sample	1	dy	yes	30	50	0.667	19.2	8.61	11.6	82	0	0	NA	Southwest
23GLG50-2	GLG50	2	3.4	98.12822	25.15589	1045	20230510	sample	1	dy	yes	30	50	0.667	19.2	8.61	11.6	82	0	0	NA	Southwest
23GLG50-3	GLG50	3	5.3	98.12822	25.15589	1045	20230510	sample	1	dy	yes	30	50	0.667	19.2	8.61	11.6	82	0	0	NA	Southwest
23GLG51-1	GLG51	1	7.3	97.978583	25.15494	1744	20230510	sample	1	dy	yes	10	80	0.272	20.7	8.17	9.3	36	0	0	6.5	Southwest
23GLG51-2	GLG51	2	4.7	97.978583	25.15494	1744	20230510	sample	1	dy	yes	10	80	0.272	20.7	8.17	9.3	36	0	0	6.5	Southwest
23GLG51-3	GLG51	3	5.7	97.978583	25.15494	1744	20230510	sample	1	dy	yes	10	80	0.272	20.7	8.17	9.3	36	0	0	6.5	Southwest
23GLG52-1	GLG52	1	6.9	97.92778	25.15556	1764	20230511	sample	1	dy	yes	3	50	0.525	14.6	8.27	10.1	26	0	0	2	Southwest
23GLG52-2	GLG52	2	8.4	97.92778	25.15556	1764	20230511	sample	1	dy	yes	3	50	0.525	14.6	8.27	10.1	26	0	0	2	Southwest
23GLG52-3	GLG52	3	6.9	97.92778	25.15556	1764	20230511	sample	1	dy	yes	3	50	0.525	14.6	8.27	10.1	26	0	0	2	Southwest
23GLG53-1	GLG53	1	5.6	97.8625	25.10139	1457	20230511	sample	1	dy	yes	30	150	0	19.8	8.35	8.7	59	0	0	NA	Southwest
23GLG53-2	GLG53	2	5.8	97.8625	25.10139	1457	20230511	sample	1	dy	yes	30	150	0	19.8	8.35	8.7	59	0	0	NA	Southwest
23GLG53-3	GLG53	3	6.8	97.8625	25.10139	1457	20230511	sample	1	dy	yes	30	150	0	19.8	8.35	8.7	59	0	0	NA	Southwest
23GLG54-1	GLG54	1	9.2	97.75806	25.08889	715	20230511	sample	1	dy	yes	20	100	0.37	22.4	8.51	11.3	53	0	0	NA	Southwest
23GLG54-2	GLG54	2	5.4	97.75806	25.08889	715	20230511	sample	1	dy	yes	20	100	0.37	22.4	8.51	11.3	53	0	0	NA	Southwest
23GLG54-3	GLG54	3	6.2	97.75806	25.08889	715	20230511	sample	1	dy	yes	20	100	0.37	22.4	8.51	11.3	53	0	0	NA	Southwest
23GLG55-1	GLG55	1	7.7	97.82444	24.97111	1259	20230512	sample	1	dy	yes	6	90	0	18.5	8.4	9.8	56	0	0	NA	Southwest
23GLG55-2	GLG55	2	6.9	97.82444	24.97111	1259	20230512	sample	1	dy	yes	6	90	0	18.5	8.4	9.8	56	0	0	NA	Southwest
23GLG55-3	GLG55	3	7.2	97.82444	24.97111	1259	20230512	sample	1	dy	yes	6	90	0	18.5	8.4	9.8	56	0	0	NA	Southwest
23GLG56-1	GLG56	1	7.8	97.94083	24.98583	1704	20230512	sample	1	dy	yes	1.5	15	0.18	21.9	8.58	9.4	84	0	0	NA	Southwest
23GLG56-2	GLG56	2	6.6	97.94083	24.98583	1704	20230512	sample	1	dy	yes	1.5	15	0.18	21.9	8.58	9.4	84	0	0	NA	Southwest
23GLG56-3	GLG56	3	6.4	97.94083	24.98583	1704	20230512	sample	1	dy	yes	1.5	15	0.18	21.9	8.58	9.4	84	0	0	NA	Southwest
23GLG57-1	GLG57	1	7.4	97.92944	24.82861	1074	20230512	sample	1	dy	yes	4.5	50	0.31	21.5	8.54	10.3	55	0	0	NA	Southwest
23GLG57-2	GLG57	2	7	97.92944	24.82861	1074	20230512	sample	1	dy	yes	4.5	50	0.31	21.5	8.54	10.3	55	0	0	NA	Southwest
23GLG57-3	GLG57	3	7.2	97.92944	24.82861	1074	20230512	sample	1	dy	yes	4.5	50	0.31	21.5	8.54	10.3	55	0	0	NA	Southwest
23GLG58-1	GLG58	1	7.6	97.57028	24.74194	322	20230514	sample	1	dy	yes	1.5	30	0.7	22	8.78	10.9	277	5.1	5.1	0	Southwest
23GLG58-2	GLG58	2	6.2	97.57028	24.74194	322	20230514	sample	1	dy	yes	1.5	30	0.7	22	8.78	10.9	277	5.1	5.1	0	Southwest
23GLG58-3	GLG58	3	8.1	97.57028	24.74194	322	20230514	sample	1	dy	yes	1.5	30	0.7	22	8.78	10.9	277	5.1	5.1	0	Southwest
23GLG59-1	GLG59	1	6.6	97.58194	24.71361	294	20230514	sample	1	dy	yes	10	80	0.3	23.2	8.51	10.9	107	5.1	5.1	-0.8	Southwest
23GLG59-2	GLG59	2	6.7	97.58194	24.71361	294	20230514	sample	1	dy	yes	10	80	0.3	23.2	8.51	10.9	107	5.1	5.1	-0.8	Southwest
23GLG59-3	GLG59	3	7.3	97.58194	24.71361	294	20230514	sample	1	dy	yes	10	80	0.3	23.2	8.51	10.9	107	5.1	5.1	-0.8	Southwest
23GLG60-1	GLG60	1	6.7	97.59139	24.66472	720	20230515	sample	1	dy	yes	2	30	0.61	20.1	9.45	10.3	98	5.1	19	-0.6	Southwest
23GLG60-2	GLG60	2	6.9	97.59139	24.66472	720	20230515	sample	1	dy	yes	2	30	0.61	20.1	9.45	10.3	98	5.1	19	-0.6	Southwest
23GLG60-3	GLG60	3	7	97.59139	24.66472	720	20230515	sample	1	dy	yes	2	30	0.61	20.1	9.45	10.3	98	5.1	19	-0.6	Southwest
23GLG60-4	GLG60	4	4	97.59139	24.66472	720	20230515	sample	1	dy	yes	2	30	0.61	20.1	9.45	10.3	98	5.1	19	-0.6	Southwest
23GLG61-1	GLG61	1	2.6	97.60556	24.60556	1324	20230515	sample	1	dy	yes	6	30	1.194	18	8.26	9.7	57	5.1	19	2.4	Southwest
23GLG61-2	GLG61	2	2.6	97.60556	24.60556	1324	20230515	sample	1	dy	yes	6	30	1.194	18	8.26	9.7	57	5.1	19	2.4	Southwest
23GLG61-3	GLG61	3	2.9	97.60556	24.60556	1324	20230515	sample	1	dy	yes	6	30	1.194	18	8.26	9.7	57	5.1	19	2.4	Southwest
23GLG62-1	GLG62	1	6.5	97.56814	24.69969	296	20230516	sample	1	dy	yes	2	40	0.19	22.3	NA	11	152	19	2.5	-0.4	Southwest
23GLG62-2	GLG62	2	6.1	97.56814	24.69969	296	20230516	sample	1	dy	yes	2	40	0.19	22.3	NA	11	152	19	2.5	-0.4	Southwest
23GLG62-3	GLG62	3	6.3	97.56814	24.69969	296	20230516	sample	1	dy	yes	2	40	0.19	22.3	NA	11	152	19	2.5	-0.4	Southwest
23GLG63-1	GLG63	1	6.2	97.58806	24.68056	546	20230516	sample	1	dy	yes	2	40	0.6	20.5	NA	10.7	96	19	2.5	0	Southwest
23GLG63-2	GLG63	2	7	97.58806	24.68056	546	20230516	sample	1	dy	yes	2	40	0.6	20.5	NA	10.7	96	19	2.5	0	Southwest
23GLG63-3	GLG63	3	6.2	97.58806	24.68056	546	20230516	sample	1	dy	yes	2	40	0.6	20.5	NA	10.7	96	19	2.5	0	Southwest
23GLG64-1	GLG64	1	4.3	97.978583	25.15494	1744	20230516	sample	1	dy	yes	10	90	0.667	15.3	NA	9.6	35	19	2.5	6.5	Southwest
23GLG64-2	GLG64	2	3.6	97.978583	25.15494	1744	20230516	sample	1	dy	yes	10	90	0.667	15.3	NA	9.6	35	19	2.5	6.5	Southwest
23GLG64-3	GLG64	3	7.1	97.978583	25.15494	1744	20230516	sample	1	dy	yes	10	90	0.667	15.3	NA	9.6	35	19	2.5	6.5	Southwest
23GLG65-1	GLG65	1	0.6	97.92778	25.15556	1764	20230516	sample	1	dy	yes	4	70	0.7	14.6	NA	10.6	87	19	2.5	2	Southwest
23GLG65-2	GLG65	2	0.6	97.92778	25.15556	1764	20230516	sample	1	dy	yes	4	70	0.7	14.6	NA	10.6	87	19	2.5	2	Southwest
23GLG65-3	GLG65	3	0.6	97.92778	25.15556	1764	20230516	sample	1	dy	yes	4	70	0.7	14.6	NA	10.6	87	19	2.5	2	Southwest
23GLG66-1	GLG66	1	7.6	98.02075	25.23647	1947	20230517	sample	1	dy	yes	8	100	0.7	13	NA	9.9	22	2.5	0	2.1	Southwest
23GLG66-2	GLG66	2	6.5	98.02075	25.23647	1947	20230517	sample	1	dy	yes	8	100	0.7	13	NA	9.9	22	2.5	0	2.1	Southwest
23GLG66-3	GLG66	3	6.8	98.02075	25.23647	1947	20230517	sample	1	dy	yes	8	100	0.7	13	NA	9.9	22	2.5	0	2.1	Southwest
23GLG67-1	GLG67	1	2.7	98.09361	25.27361	1554	20230517	sample	1	dy	yes	15	100	0.5	16.2	NA	9.4	37	2.5	0	3.9	Southwest
23GLG67-2	GLG67	2	3.3	98.09361	25.27361	1554	20230517	sample	1	dy	yes	15	100	0.5	16.2	NA	9.4	37	2.5	0	3.9	Southwest
23GLG67-3	GLG67	3	4.1	98.09361	25.27361	1554	20230517	sample	1	dy	yes	15	100	0.5	16.2	NA	9.4	37	2.5	0	3.9	Southwest
23GLG68-1	GLG68	1	2.6	98.12472	24.96611	988	20230517	sample	1	dy	no	150	NA	0.1	18.4	NA	7.7	83	2.5	0	NA	Southwest
23GLG68-2	GLG68	2	2.8	98.12472	24.96611	988	20230517	sample	1	dy	no	150	NA	0.1	18.4	NA	7.7	83	2.5	0	NA	Southwest
23GLG68-3	GLG68	3	3.2	98.12472	24.96611	988	20230517	sample	1	dy	no	150	NA	0.1	18.4	NA	7.7	83	2.5	0	NA	Southwest
JNC1	GLG01	NA	0.5	98.84333	25.87417	836	20230421	sample-neg-control	1	NA	NA	NA	NA	NA	NA	NA	NA	NA	NA	NA	NA	NA
JNC2	GLG04	NA	0.5	98.85528	26.13444	1001	20230422	sample-neg-control	1	NA	NA	NA	NA	NA	NA	NA	NA	NA	NA	NA	NA	NA
JNC3	GLG07	NA	0.5	98.86028	26.95944	1240	20230423	sample-neg-control	1	NA	NA	NA	NA	NA	NA	NA	NA	NA	NA	NA	NA	NA
JNC5	GLG09	NA	0.5	98.59139	28.04528	1563	20230425	sample-neg-control	1	NA	NA	NA	NA	NA	NA	NA	NA	NA	NA	NA	NA	NA
JNC6	GLG13	NA	0.5	98.41111	27.91111	2207	20230426	sample-neg-control	1	NA	NA	NA	NA	NA	NA	NA	NA	NA	NA	NA	NA	NA
JNC7	GLG17	NA	0.5	98.20417	28.21556	2345	20230427	sample-neg-control	1	NA	NA	NA	NA	NA	NA	NA	NA	NA	NA	NA	NA	NA
JNC8	GLG25	NA	0.5	98.34917	27.69944	1439	20230428	sample-neg-control	1	NA	NA	NA	NA	NA	NA	NA	NA	NA	NA	NA	NA	NA
JNC9	GLG30	NA	0.5	98.84417	26.85972	1414	20230430	sample-neg-control	1	NA	NA	NA	NA	NA	NA	NA	NA	NA	NA	NA	NA	NA
JNC10	GLG37	NA	0.5	98.84444	25.74917	945	20230501	sample-neg-control	1	NA	NA	NA	NA	NA	NA	NA	NA	NA	NA	NA	NA	NA
JNC11	GLG41	NA	0.5	98.80667	25.30667	1176	20230502	sample-neg-control	1	NA	NA	NA	NA	NA	NA	NA	NA	NA	NA	NA	NA	NA
JNC12	GLG42	NA	0.5	98.67361	25.03284	1282	20230504	sample-neg-control	1	NA	NA	NA	NA	NA	NA	NA	NA	NA	NA	NA	NA	NA
JNC13	GLG43	NA	0.5	98.47917	25.33417	1683	20230505	sample-neg-control	1	NA	NA	NA	NA	NA	NA	NA	NA	NA	NA	NA	NA	NA
JNC14	GLG44	NA	0.5	98.36669	25.10422	1482	20230506	sample-neg-control	1	NA	NA	NA	NA	NA	NA	NA	NA	NA	NA	NA	NA	NA
JNC15	GLG46	NA	0.5	98.22678	25.42025	1886	20230508	sample-neg-control	1	NA	NA	NA	NA	NA	NA	NA	NA	NA	NA	NA	NA	NA
JNC16	GLG47	NA	0.5	98.17664	25.11187	1030	20230509	sample-neg-control	1	NA	NA	NA	NA	NA	NA	NA	NA	NA	NA	NA	NA	NA
JNC17	GLG50	NA	0.5	98.12822	25.15589	1045	20230510	sample-neg-control	1	NA	NA	NA	NA	NA	NA	NA	NA	NA	NA	NA	NA	NA
JNC18	GLG52	NA	0.5	97.92778	25.15556	1764	20230511	sample-neg-control	1	NA	NA	NA	NA	NA	NA	NA	NA	NA	NA	NA	NA	NA
JNC19	GLG55	NA	0.5	97.82444	24.97111	1259	20230512	sample-neg-control	1	NA	NA	NA	NA	NA	NA	NA	NA	NA	NA	NA	NA	NA
JNC20	GLG58	NA	0.5	97.57028	24.74194	322	20230514	sample-neg-control	1	NA	NA	NA	NA	NA	NA	NA	NA	NA	NA	NA	NA	NA
JNC21	GLG60	NA	0.5	97.59139	24.66472	720	20230515	sample-neg-control	1	NA	NA	NA	NA	NA	NA	NA	NA	NA	NA	NA	NA	NA
JNC22	GLG62	NA	0.5	97.56814	24.69969	296	20230516	sample-neg-control	1	NA	NA	NA	NA	NA	NA	NA	NA	NA	NA	NA	NA	NA
JNC23	GLG66	NA	0.5	98.02075	25.23647	1947	20230517	sample-neg-control	1	NA	NA	NA	NA	NA	NA	NA	NA	NA	NA	NA	NA	NA
23033-1	GLG23033	1	5.23	97.7165	24.7706	1652	20230514	sample	2	dy	yes	12.1	11	0.649	14.6	8.7	7.8	36	5.1	5.1	7	Southwest
23033-2	GLG23033	2	4.97	97.7165	24.7706	1652	20230514	sample	2	dy	yes	12.1	11	0.649	14.6	8.7	7.8	36	5.1	5.1	7	Southwest
23033-3	GLG23033	3	5.42	97.7165	24.7706	1652	20230514	sample	2	dy	yes	12.1	11	0.649	14.6	8.7	7.8	36	5.1	5.1	7	Southwest
23034-1	GLG23034	1	7.31	97.718	24.8064	1789	20230514	sample	2	dy	yes	10.8	9	0.147	14.6	8.51	7.8	32	5.1	5.1	0	Southwest
23034-2	GLG23034	2	7.01	97.718	24.8064	1789	20230514	sample	2	dy	yes	10.8	9	0.147	14.6	8.51	7.8	32	5.1	5.1	0	Southwest
23034-3	GLG23034	3	4.86	97.718	24.8064	1789	20230514	sample	2	dy	yes	10.8	9	0.147	14.6	8.51	7.8	32	5.1	5.1	0	Southwest
23035-1	GLG23035	1	4.21	97.6605	24.6304	1296	20230514	sample	2	dy	yes	21.9	12	0.566	18.1	8.37	9.4	47	5.1	5.1	NA	Southwest
23035-2	GLG23035	2	4.61	97.6605	24.6304	1296	20230514	sample	2	dy	yes	21.9	12	0.566	18.1	8.37	9.4	47	5.1	5.1	NA	Southwest
23035-3	GLG23035	3	6.01	97.6605	24.6304	1296	20230514	sample	2	dy	yes	21.9	12	0.566	18.1	8.37	9.4	47	5.1	5.1	NA	Southwest
23036-1	GLG23036	1	2.05	97.6227	24.5132	1300	20230515	sample	2	dy	yes	9.2	32	0.178	16.8	8.49	9.3	42	5.1	19	2.5	Southwest
23036-2	GLG23036	2	1.51	97.6227	24.5132	1300	20230515	sample	2	dy	yes	9.2	32	0.178	16.8	8.49	9.3	42	5.1	19	2.5	Southwest
23036-3	GLG23036	3	1.57	97.6227	24.5132	1300	20230515	sample	2	dy	yes	9.2	32	0.178	16.8	8.49	9.3	42	5.1	19	2.5	Southwest
23037-1	GLG23037	1	1.38	97.5534	24.486	405	20230515	sample	2	dy	yes	18.4	34	0.299	20.3	8.58	10.7	80	5.1	19	0	Southwest
23037-2	GLG23037	2	1.78	97.5534	24.486	405	20230515	sample	2	dy	yes	18.4	34	0.299	20.3	8.58	10.7	80	5.1	19	0	Southwest
23037-3	GLG23037	3	0.9	97.5534	24.486	405	20230515	sample	2	dy	yes	18.4	34	0.299	20.3	8.58	10.7	80	5.1	19	0	Southwest
23038-1	GLG23038	1	4.25	97.5319	24.4376	220	20230516	sample	2	dy	yes	23.8	25	0.455	21.9	8.24	11.2	127	19	2.5	0	Southwest
23038-2	GLG23038	2	3.85	97.5319	24.4376	220	20230516	sample	2	dy	yes	23.8	25	0.455	21.9	8.24	11.2	127	19	2.5	0	Southwest
23038-3	GLG23038	3	7.49	97.5319	24.4376	220	20230516	sample	2	dy	yes	23.8	25	0.455	21.9	8.24	11.2	127	19	2.5	0	Southwest
23039-1	GLG23039	1	3.99	97.6576	24.467	822	20230516	sample	2	dy	yes	8.2	22	0.515	21.7	8.26	9.1	88	19	2.5	4	Southwest
23039-2	GLG23039	2	3.72	97.6576	24.467	822	20230516	sample	2	dy	yes	8.2	22	0.515	21.7	8.26	9.1	88	19	2.5	4	Southwest
23039-3	GLG23039	3	4.33	97.6576	24.467	822	20230516	sample	2	dy	yes	8.2	22	0.515	21.7	8.26	9.1	88	19	2.5	4	Southwest
23040-1	GLG23040	1	1	97.9103	24.6798	772	20230516	sample	2	dy	no	85.4	NA	0.175	20.8	8.4	9	115	19	2.5	NA	Southwest
23040-2	GLG23040	2	0.73	97.9103	24.6798	772	20230516	sample	2	dy	no	85.4	NA	0.175	20.8	8.4	9	115	19	2.5	NA	Southwest
23040-3	GLG23040	3	1.06	97.9103	24.6798	772	20230516	sample	2	dy	no	85.4	NA	0.175	20.8	8.4	9	115	19	2.5	NA	Southwest
23041b-1	GLG23041b	1	1.06	98.2037	24.7823	929	20230517	sample	2	dy	yes	29.3	42	0.092	21.7	8.23	8.2	229	2.3	0	NA	Southwest
23041b-2	GLG23041b	2	0.77	98.2037	24.7823	929	20230517	sample	2	dy	yes	29.3	42	0.092	21.7	8.23	8.2	229	2.3	0	NA	Southwest
23041b-3	GLG23041b	3	0.85	98.2037	24.7823	929	20230517	sample	2	dy	yes	29.3	42	0.092	21.7	8.23	8.2	229	2.3	0	NA	Southwest
23041a-1	GLG23041a	1	1.46	98.3566	24.8805	1028	20230517	sample	2	dy	yes	36.6	70	0.303	22.2	8.47	9.3	104	2.3	0	NA	Southwest
23041a-2	GLG23041a	2	1.8	98.3566	24.8805	1028	20230517	sample	2	dy	yes	36.6	70	0.303	22.2	8.47	9.3	104	2.3	0	NA	Southwest
23041a-3	GLG23041a	3	2.04	98.3566	24.8805	1028	20230517	sample	2	dy	yes	36.6	70	0.303	22.2	8.47	9.3	104	2.3	0	NA	Southwest
23042-1	GLG23042	1	1.08	98.2429	24.6727	1011	20230517	sample	2	lc	yes	11.1	32	0.415	24.8	8.32	7.2	159	2.3	0	NA	Southwest
23042-2	GLG23042	2	0.42	98.2429	24.6727	1011	20230517	sample	2	lc	yes	11.1	32	0.415	24.8	8.32	7.2	159	2.3	0	NA	Southwest
23042-3	GLG23042	3	0.58	98.2429	24.6727	1011	20230517	sample	2	lc	yes	11.1	32	0.415	24.8	8.32	7.2	159	2.3	0	NA	Southwest
23043-1	GLG23043	1	1.37	98.2715	24.5415	836	20230517	sample	2	lc	no	134.6	NA	0.693	22.8	8.49	7.3	183	2.3	0	NA	Southwest
23043-2	GLG23043	2	1.07	98.2715	24.5415	836	20230517	sample	2	lc	no	134.6	NA	0.693	22.8	8.49	7.3	183	2.3	0	NA	Southwest
23043-3	GLG23043	3	0.8	98.2715	24.5415	836	20230517	sample	2	lc	no	134.6	NA	0.693	22.8	8.49	7.3	183	2.3	0	NA	Southwest
23044-1	GLG23044	1	0.8	97.8946	24.6748	792	20230518	sample	2	dy	yes	30.2	NA	NA	22.5	8.23	3.5	143	0	0	NA	Southwest
23044-2	GLG23044	2	1.3	97.8946	24.6748	792	20230518	sample	2	dy	yes	30.2	NA	NA	22.5	8.23	3.5	143	0	0	NA	Southwest
23044-3	GLG23044	3	0.65	97.8946	24.6748	792	20230518	sample	2	dy	yes	30.2	NA	NA	22.5	8.23	3.5	143	0	0	NA	Southwest
23045-1	GLG23045	1	1.47	97.7303	24.4765	782	20230518	sample	2	dy	yes	12	NA	0.78	20.8	8.64	8.5	75	0	0	NA	Southwest
23045-2	GLG23045	2	1.26	97.7303	24.4765	782	20230518	sample	2	dy	yes	12	NA	0.78	20.8	8.64	8.5	75	0	0	NA	Southwest
23045-3	GLG23045	3	1.18	97.7303	24.4765	782	20230518	sample	2	dy	yes	12	NA	0.78	20.8	8.64	8.5	75	0	0	NA	Southwest
23046-1	GLG23046	1	3.65	97.8067	24.4246	1355	20230518	sample	2	dy	yes	10.5	NA	0.319	23.1	8.3	8.4	86	0	0	NA	Southwest
23046-2	GLG23046	2	3.53	97.8067	24.4246	1355	20230518	sample	2	dy	yes	10.5	NA	0.319	23.1	8.3	8.4	86	0	0	NA	Southwest
23046-3	GLG23046	3	3.35	97.8067	24.4246	1355	20230518	sample	2	dy	yes	10.5	NA	0.319	23.1	8.3	8.4	86	0	0	NA	Southwest
23047-1	GLG23047	1	0.83	97.856	24.2546	894	20230518	sample	2	lc	yes	54.5	na	0.29	29.4	8.13	6.5	118	0	0	NA	Southwest
23047-2	GLG23047	2	1.12	97.856	24.2546	894	20230518	sample	2	lc	yes	54.5	na	0.29	29.4	8.13	6.5	118	0	0	NA	Southwest
23047-3	GLG23047	3	1.71	97.856	24.2546	894	20230518	sample	2	lc	yes	54.5	na	0.29	29.4	8.13	6.5	118	0	0	NA	Southwest
23048-1	GLG23048	1	4.33	98.0218	24.4749	963	20230518	sample	2	lc	yes	19.5	NA	0.232	26.8	8.26	8	88	0	0	NA	Southwest
23048-2	GLG23048	2	1.74	98.0218	24.4749	963	20230518	sample	2	lc	yes	19.5	NA	0.232	26.8	8.26	8	88	0	0	NA	Southwest
23048-3	GLG23048	3	2.58	98.0218	24.4749	963	20230518	sample	2	lc	yes	19.5	NA	0.232	26.8	8.26	8	88	0	0	NA	Southwest
23049-1	GLG23049	1	2.58	97.957	24.0631	729	20230519	sample	2	lc	no	135	NA	305	21.1	8.44	7.6	167	0	0	NA	Southwest
23049-2	GLG23049	2	2.29	97.957	24.0631	729	20230519	sample	2	lc	no	135	NA	305	21.1	8.44	7.6	167	0	0	NA	Southwest
23049-3	GLG23049	3	2.26	97.957	24.0631	729	20230519	sample	2	lc	no	135	NA	305	21.1	8.44	7.6	167	0	0	NA	Southwest
23050-1	GLG23050	1	4.31	98.1037	24.1656	738	20230519	sample	2	lc	yes	275	NA	NA	22.4	8.8	7	155	0	0	NA	Southwest
23050-2	GLG23050	2	2.2	98.1037	24.1656	738	20230519	sample	2	lc	yes	275	NA	NA	22.4	8.8	7	155	0	0	NA	Southwest
23050-3	GLG23050	3	1.91	98.1037	24.1656	738	20230519	sample	2	lc	yes	275	NA	NA	22.4	8.8	7	155	0	0	NA	Southwest
23051-1	GLG23051	1	7.24	98.1383	24.2319	734	20230519	sample	2	lc	yes	81	NA	0.043	25.1	8.45	7.4	145	0	0	NA	Southwest
23051-2	GLG23051	2	8.38	98.1383	24.2319	734	20230519	sample	2	lc	yes	81	NA	0.043	25.1	8.45	7.4	145	0	0	NA	Southwest
23051-3	GLG23051	3	6.13	98.1383	24.2319	734	20230519	sample	2	lc	yes	81	NA	0.043	25.1	8.45	7.4	145	0	0	NA	Southwest
23052-1	GLG23052	1	5.85	98.5525	24.4468	831	20230519	sample	2	lc	yes	18.3	NA	0.435	27.6	8.61	8	406	0	0	NA	Southeast
23052-2	GLG23052	2	4.65	98.5525	24.4468	831	20230519	sample	2	lc	yes	18.3	NA	0.435	27.6	8.61	8	406	0	0	NA	Southeast
23052-3	GLG23052	3	4.12	98.5525	24.4468	831	20230519	sample	2	lc	yes	18.3	NA	0.435	27.6	8.61	8	406	0	0	NA	Southeast
23053-1	GLG23053	1	1.51	98.6822	24.6454	1311	20230520	sample	2	lc	yes	13.1	NA	0.295	22.3	8.82	8.7	93	1	0	NA	Southeast
23053-2	GLG23053	2	3.43	98.6822	24.6454	1311	20230520	sample	2	lc	yes	13.1	NA	0.295	22.3	8.82	8.7	93	1	0	NA	Southeast
23053-3	GLG23053	3	1.48	98.6822	24.6454	1311	20230520	sample	2	lc	yes	13.1	NA	0.295	22.3	8.82	8.7	93	1	0	NA	Southeast
23054-1	GLG23054	1	2.75	98.67	24.7045	1121	20230520	sample	2	lc	yes	7.6	NA	0.513	21.2	8.78	8.2	73	1	0	NA	Southeast
23054-2	GLG23054	2	2.86	98.67	24.7045	1121	20230520	sample	2	lc	yes	7.6	NA	0.513	21.2	8.78	8.2	73	1	0	NA	Southeast
23054-3	GLG23054	3	3.77	98.67	24.7045	1121	20230520	sample	2	lc	yes	7.6	NA	0.513	21.2	8.78	8.2	73	1	0	NA	Southeast
23055-1	GLG23055	1	4.11	98.786	24.4282	1434	20230521	sample	2	nu	yes	16.7	NA	0.186	17.2	8.62	9	73	0	0	NA	Southeast
23055-2	GLG23055	2	5.33	98.786	24.4282	1434	20230521	sample	2	nu	yes	16.7	NA	0.186	17.2	8.62	9	73	0	0	NA	Southeast
23055-3	GLG23055	3	3.87	98.786	24.4282	1434	20230521	sample	2	nu	yes	16.7	NA	0.186	17.2	8.62	9	73	0	0	NA	Southeast
23056-1	GLG23056	1	7.6	98.828	24.4968	1908	20230521	sample	2	nu	yes	3.5	15	0.328	15.2	8.45	8.9	43	0	0	NA	Southeast
23056-2	GLG23056	2	7.89	98.828	24.4968	1908	20230521	sample	2	nu	yes	3.5	15	0.328	15.2	8.45	8.9	43	0	0	NA	Southeast
23056-3	GLG23056	3	7.31	98.828	24.4968	1908	20230521	sample	2	nu	yes	3.5	15	0.328	15.2	8.45	8.9	43	0	0	NA	Southeast
23057-1	GLG23057	1	5.89	98.8908	24.5413	1942	20230521	sample	2	nu	yes	2.5	12	0.193	20.3	8.43	8.3	31	0	0	3	Southeast
23057-2	GLG23057	2	5.6	98.8908	24.5413	1942	20230521	sample	2	nu	yes	2.5	12	0.193	20.3	8.43	8.3	31	0	0	3	Southeast
23057-3	GLG23057	3	5.41	98.8908	24.5413	1942	20230521	sample	2	nu	yes	2.5	12	0.193	20.3	8.43	8.3	31	0	0	3	Southeast
23058-1	GLG23058	1	1.16	98.8977	24.5699	1969	20230521	sample	2	nu	yes	4.9	9	0.343	22.8	8.48	8.6	47	0	0	1.8	Southeast
23058-2	GLG23058	2	1.13	98.8977	24.5699	1969	20230521	sample	2	nu	yes	4.9	9	0.343	22.8	8.48	8.6	47	0	0	1.8	Southeast
23058-3	GLG23058	3	1.11	98.8977	24.5699	1969	20230521	sample	2	nu	yes	4.9	9	0.343	22.8	8.48	8.6	47	0	0	1.8	Southeast
23059-1	GLG23059	1	4.87	98.6097	25.3243	1442	20230521	sample	2	lc	no	39.2	NA	0.354	23.4	9.03	9	174	0	0	NA	Middle
23059-2	GLG23059	2	4.48	98.6097	25.3243	1442	20230521	sample	2	lc	no	39.2	NA	0.354	23.4	9.03	9	174	0	0	NA	Middle
23059-3	GLG23059	3	4.29	98.6097	25.3243	1442	20230521	sample	2	lc	no	39.2	NA	0.354	23.4	9.03	9	174	0	0	NA	Middle
23060-1	GLG23060	1	4.62	98.5333	25.617	1834	20230522	sample	2	lc	yes	39.1	NA	0.573	15.3	8.58	9.3	227	0	0	NA	Middle
23060-2	GLG23060	2	3.72	98.5333	25.617	1834	20230522	sample	2	lc	yes	39.1	NA	0.573	15.3	8.58	9.3	227	0	0	NA	Middle
23060-3	GLG23060	3	4.42	98.5333	25.617	1834	20230522	sample	2	lc	yes	39.1	NA	0.573	15.3	8.58	9.3	227	0	0	NA	Middle
23061-1	GLG23061	1	4.74	98.6782	24.8443	1161	20230522	sample	2	lc	yes	6.4	21	0.323	19.6	8.91	9.3	122	0	0	NA	Southeast
23061-2	GLG23061	2	5.14	98.6782	24.8443	1161	20230522	sample	2	lc	yes	6.4	21	0.323	19.6	8.91	9.3	122	0	0	NA	Southeast
23061-3	GLG23061	3	3.11	98.6782	24.8443	1161	20230522	sample	2	lc	yes	6.4	21	0.323	19.6	8.91	9.3	122	0	0	NA	Southeast
23062-1	GLG23062	1	2.99	98.7713	24.7307	1870	20230522	sample	2	nu	yes	2.8	21	0.648	20.9	8.4	8.3	41	0	0	NA	Southeast
23062-2	GLG23062	2	3.94	98.7713	24.7307	1870	20230522	sample	2	nu	yes	2.8	21	0.648	20.9	8.4	8.3	41	0	0	NA	Southeast
23062-3	GLG23062	3	1.67	98.7713	24.7307	1870	20230522	sample	2	nu	yes	2.8	21	0.648	20.9	8.4	8.3	41	0	0	NA	Southeast
23063-1	GLG23063	1	4.46	98.8221	24.6941	1767	20230522	sample	2	nu	yes	6.5	29	0.447	20.8	8.5	8.5	176	0	0	NA	Southeast
23063-2	GLG23063	2	4.57	98.8221	24.6941	1767	20230522	sample	2	nu	yes	6.5	29	0.447	20.8	8.5	8.5	176	0	0	NA	Southeast
23063-3	GLG23063	3	4.63	98.8221	24.6941	1767	20230522	sample	2	nu	yes	6.5	29	0.447	20.8	8.5	8.5	176	0	0	NA	Southeast
23064-1	GLG23064	1	5.84	98.9128	24.7784	707	20230522	sample	2	nu	yes	10.1	21	0.842	24.6	8.84	8.4	396	0	0	NA	Southeast
23064-2	GLG23064	2	9.21	98.9128	24.7784	707	20230522	sample	2	nu	yes	10.1	21	0.842	24.6	8.84	8.4	396	0	0	NA	Southeast
23064-3	GLG23064	3	6.45	98.9128	24.7784	707	20230522	sample	2	nu	yes	10.1	21	0.842	24.6	8.84	8.4	396	0	0	NA	Southeast
23065-1	GLG23065	1	5.56	98.8385	24.9315	922	20230522	sample	2	nu	yes	2	17	0.225	21.3	8.57	4.9	290	0	0	NA	Middle
23065-2	GLG23065	2	5.34	98.8385	24.9315	922	20230522	sample	2	nu	yes	2	17	0.225	21.3	8.57	4.9	290	0	0	NA	Middle
23065-3	GLG23065	3	5.05	98.8385	24.9315	922	20230522	sample	2	nu	yes	2	17	0.225	21.3	8.57	4.9	290	0	0	NA	Middle
23066-1	GLG23066	1	5.33	98.839	25.2364	739	20230523	sample	2	nu	yes	11	21	0.546	18.4	8.71	9.1	89	0	0	8.8	Middle
23066-2	GLG23066	2	4.31	98.839	25.2364	739	20230523	sample	2	nu	yes	11	21	0.546	18.4	8.71	9.1	89	0	0	8.8	Middle
23066-3	GLG23066	3	5.5	98.839	25.2364	739	20230523	sample	2	nu	yes	11	21	0.546	18.4	8.71	9.1	89	0	0	8.8	Middle
23067-1	GLG23067	1	6.68	98.7998	25.2776	1150	20230523	sample	2	nu	yes	13	22	0.459	18.7	8.68	9.3	65	0	0	2.5	Middle
23067-2	GLG23067	2	6.61	98.7998	25.2776	1150	20230523	sample	2	nu	yes	13	22	0.459	18.7	8.68	9.3	65	0	0	2.5	Middle
23067-3	GLG23067	3	7.1	98.7998	25.2776	1150	20230523	sample	2	nu	yes	13	22	0.459	18.7	8.68	9.3	65	0	0	2.5	Middle
23068-1	GLG23068	1	6.76	98.8321	25.0907	700	20230523	sample	2	nu	yes	9.4	28	0.397	22.8	8.75	8.2	180	0	0	5	Middle
23068-2	GLG23068	2	5.82	98.8321	25.0907	700	20230523	sample	2	nu	yes	9.4	28	0.397	22.8	8.75	8.2	180	0	0	5	Middle
23068-3	GLG23068	3	6.54	98.8321	25.0907	700	20230523	sample	2	nu	yes	9.4	28	0.397	22.8	8.75	8.2	180	0	0	5	Middle
YNC1	NA	NA	NA	NA	NA	NA	NA	sample-neg-control	2	NA	NA	NA	NA	NA	NA	NA	NA	NA	NA	NA	NA	NA
YNC2	NA	NA	NA	NA	NA	NA	NA	sample-neg-control	2	NA	NA	NA	NA	NA	NA	NA	NA	NA	NA	NA	NA	NA
YNC3	NA	NA	NA	NA	NA	NA	NA	sample-neg-control	2	NA	NA	NA	NA	NA	NA	NA	NA	NA	NA	NA	NA	NA
YNC4	NA	NA	NA	NA	NA	NA	NA	sample-neg-control	2	NA	NA	NA	NA	NA	NA	NA	NA	NA	NA	NA	NA	NA
YNC5	NA	NA	NA	NA	NA	NA	NA	sample-neg-control	2	NA	NA	NA	NA	NA	NA	NA	NA	NA	NA	NA	NA	NA
YNC6	NA	NA	NA	NA	NA	NA	NA	sample-neg-control	2	NA	NA	NA	NA	NA	NA	NA	NA	NA	NA	NA	NA	NA
YNC7	NA	NA	NA	NA	NA	NA	NA	sample-neg-control	2	NA	NA	NA	NA	NA	NA	NA	NA	NA	NA	NA	NA	NA
YNC8	NA	NA	NA	NA	NA	NA	NA	sample-neg-control	2	NA	NA	NA	NA	NA	NA	NA	NA	NA	NA	NA	NA	NA
YNC9	NA	NA	NA	NA	NA	NA	NA	sample-neg-control	2	NA	NA	NA	NA	NA	NA	NA	NA	NA	NA	NA	NA	NA
YNC10	NA	NA	NA	NA	NA	NA	NA	sample-neg-control	2	NA	NA	NA	NA	NA	NA	NA	NA	NA	NA	NA	NA	NA
YNC11	NA	NA	NA	NA	NA	NA	NA	sample-neg-control	2	NA	NA	NA	NA	NA	NA	NA	NA	NA	NA	NA	NA	NA
YNC12	NA	NA	NA	NA	NA	NA	NA	sample-neg-control	2	NA	NA	NA	NA	NA	NA	NA	NA	NA	NA	NA	NA	NA
YNC13	NA	NA	NA	NA	NA	NA	NA	sample-neg-control	2	NA	NA	NA	NA	NA	NA	NA	NA	NA	NA	NA	NA	NA
YNC14	NA	NA	NA	NA	NA	NA	NA	sample-neg-control	2	NA	NA	NA	NA	NA	NA	NA	NA	NA	NA	NA	NA	NA
YNC15	NA	NA	NA	NA	NA	NA	NA	sample-neg-control	2	NA	NA	NA	NA	NA	NA	NA	NA	NA	NA	NA	NA	NA
YNC16	NA	NA	NA	NA	NA	NA	NA	sample-neg-control	2	NA	NA	NA	NA	NA	NA	NA	NA	NA	NA	NA	NA	NA
YNC17	NA	NA	NA	NA	NA	NA	NA	sample-neg-control	2	NA	NA	NA	NA	NA	NA	NA	NA	NA	NA	NA	NA	NA
YNC18	NA	NA	NA	NA	NA	NA	NA	sample-neg-control	2	NA	NA	NA	NA	NA	NA	NA	NA	NA	NA	NA	NA	NA
YNC19	NA	NA	NA	NA	NA	NA	NA	sample-neg-control	2	NA	NA	NA	NA	NA	NA	NA	NA	NA	NA	NA	NA	NA
YNC20	NA	NA	NA	NA	NA	NA	NA	sample-neg-control	2	NA	NA	NA	NA	NA	NA	NA	NA	NA	NA	NA	NA	NA
YNC21	NA	NA	NA	NA	NA	NA	NA	sample-neg-control	2	NA	NA	NA	NA	NA	NA	NA	NA	NA	NA	NA	NA	NA
YNC22	NA	NA	NA	NA	NA	NA	NA	sample-neg-control	2	NA	NA	NA	NA	NA	NA	NA	NA	NA	NA	NA	NA	NA
YNC23	NA	NA	NA	NA	NA	NA	NA	sample-neg-control	2	NA	NA	NA	NA	NA	NA	NA	NA	NA	NA	NA	NA	NA